a,b,p,time_gen_micros,time_prod_micros,shared_prod_x,shared_prod_y,size_of_key,order, time(ms)
494,2340,2617,1819,142,146,1485,80,2659,238
801,1691,2269,920,151,402,320,80,2251,167
751,1025,2083,1498,201,822,1882,80,2113,170
646,2138,2593,1249,261,2174,1561,80,2647,329
2430,2668,2887,1113,110,1346,2115,80,2879,299
2254,1586,3259,1076,138,1456,607,80,3319,360
875,2381,2753,951,160,1467,339,80,2753,255
3241,2710,3541,1164,75,1646,1218,80,3559,464
2358,2355,2503,965,120,1695,1766,80,2423,234
409,3267,3547,915,140,2710,2121,80,3449,383
3635,214,3943,1081,151,589,2669,80,3833,482
1590,52,2381,798,157,2305,859,80,2311,185
2749,708,3499,980,143,1866,3171,80,3529,390
2590,2024,3527,936,168,1984,3217,80,3511,393
71,431,3697,963,151,909,3016,80,3779,438
1629,2875,2909,1054,135,2576,2038,80,2999,301
3211,283,3697,901,151,409,1745,80,3659,427
2064,1071,4091,1043,180,4005,2939,80,4139,543
1678,1539,2179,833,104,2034,1441,80,2179,169
901,650,3541,802,157,2222,1653,80,3643,396
755,490,2243,933,142,174,1632,80,2237,167
455,920,2213,796,133,1569,1586,80,2131,158
2277,1686,2687,833,97,594,822,80,2719,237
382,2485,2963,881,100,1876,2355,80,3023,292
1292,1249,2371,891,134,1045,1063,80,2383,186
622,1977,3547,667,132,1516,2840,80,3461,388
1800,24,2371,777,128,1775,667,80,2417,189
3641,2819,3907,997,145,2568,3464,80,3889,480
1641,1190,2089,815,130,1891,1923,80,2111,149
2381,550,2957,973,160,2577,363,80,3011,281
1002,621,2719,781,120,1715,1944,80,2711,241
587,1664,2591,979,157,1552,1140,80,2671,227
1437,1012,2273,907,138,2259,663,80,2239,171
148,1800,3209,908,132,1044,846,80,3209,319
809,667,2351,962,90,48,978,80,2357,192
1709,2030,2203,864,114,1599,20,80,2207,167
1771,1599,3571,1029,61,2683,231,80,3529,401
652,741,2777,803,163,2425,2431,80,2833,251
980,458,2801,1078,124,2129,2410,80,2837,262
1761,1313,2111,875,140,98,890,80,2113,153
128,2048,2137,883,132,892,1452,80,2141,156
3110,217,3221,973,148,928,2412,80,3301,339
2021,3314,3697,1292,176,947,382,80,3769,441
2984,3477,3847,971,113,1762,2392,80,3863,479
1353,520,2269,986,127,2155,498,80,2273,181
1452,2604,2791,1037,150,1203,1174,80,2707,252
3399,181,3499,935,123,20,2833,80,3539,398
727,1661,2909,946,155,1883,494,80,2861,270
2410,2177,2657,750,126,1653,2491,80,2621,232
979,127,2203,891,96,1533,345,80,2243,168
2899,2405,3803,1003,123,2251,3427,80,3779,453
486,820,3463,933,140,2230,357,80,3373,378
151,124,2609,893,143,443,596,80,2633,223
664,1605,3169,974,155,142,2219,80,3187,326
1252,605,2659,987,83,236,2238,80,2689,236
195,873,3931,947,301,3643,3106,80,3929,482
1056,1924,4021,1116,124,804,1832,80,3967,497
129,1769,3491,1810,301,1634,948,80,3407,386
1450,1730,2089,828,113,1847,1298,80,2017,154
798,3063,3343,1035,139,2662,1390,80,3407,365
1297,795,2659,880,121,2390,986,80,2687,244
197,572,2357,874,159,1432,381,80,2381,199
790,2552,3457,956,173,1492,3219,80,3347,363
2160,68,2713,807,135,2186,2614,80,2683,247
1137,2236,3001,1232,142,124,1175,80,3079,303
2342,105,3533,1104,113,813,540,80,3607,405
1001,960,2423,1093,138,869,1257,80,2351,200
389,562,2411,1006,128,113,938,80,2441,198
3476,3370,3499,1026,111,3283,2716,80,3547,400
325,1428,2843,964,140,3,1840,80,2741,255
2660,682,3407,1076,143,2066,2343,80,3407,376
933,1829,3167,1127,150,3161,1805,80,3119,316
757,2809,3229,908,142,2513,744,80,3257,342
2466,719,3347,964,122,1740,2333,80,3361,355
1569,1302,3469,1151,147,2648,3109,80,3571,414
613,2400,3803,907,130,169,3714,80,3761,449
420,1700,2393,1021,143,1322,1424,80,2473,195
1998,65,2239,946,135,436,935,80,2251,168
1217,196,2339,885,125,1242,885,80,2423,192
1503,663,4073,1107,153,3344,1680,80,4057,509
962,73,3671,1090,159,1198,1649,80,3767,438
2442,2032,4007,1248,146,189,1559,80,3923,488
1000,1699,2281,871,142,2259,469,80,2347,180
2391,35,3457,1116,100,2977,2374,80,3511,382
976,76,2801,1007,175,1032,1061,80,2791,260
1947,1560,2267,1009,124,2225,116,80,2221,170
2857,2652,3313,1111,141,2535,1267,80,3221,362
1568,2017,2203,930,123,1467,1914,80,2161,169
1614,1514,2281,1185,147,844,1788,80,2309,194
1204,1718,2671,874,102,1658,606,80,2677,244
1361,1958,2551,1241,121,1701,2521,80,2579,230
2233,32,3359,1078,77,595,118,80,3373,374
3661,1627,3943,1003,146,89,343,80,4013,496
1965,2115,2437,1017,141,94,1459,80,2417,207
2062,562,3203,719,118,1744,941,80,3163,325
3228,874,3709,1158,171,2844,1715,80,3793,446
1361,734,2707,1008,140,2145,760,80,2659,246
2356,649,2377,889,170,964,1651,80,2459,208
1118,1885,3779,935,148,1796,50,80,3821,452
1964,2571,3761,1128,151,1160,952,80,3709,435
326,1121,3469,911,146,1029,2218,80,3373,369
732,3538,3623,1009,132,3459,3587,80,3631,416
1148,1693,3919,1295,185,2668,1242,80,4007,520
1134,1138,2083,774,100,384,171,80,2053,149
238,1632,2351,1027,125,140,394,80,2339,194
1813,2871,3257,1029,137,1999,3075,80,3271,344
732,2550,2909,1042,96,838,1602,80,2963,291
2003,1795,2389,970,101,1461,1740,80,2341,189
1819,1176,3467,1111,125,2403,1814,80,3407,367
1012,1308,2341,886,121,1326,1926,80,2251,181
1631,2256,3797,1187,271,494,145,80,3719,463
1634,1683,3863,1016,167,431,3538,80,3823,456
1577,3349,4057,1131,144,638,264,80,4091,521
1771,863,3119,984,147,553,475,80,3023,307
353,308,2309,954,155,618,711,80,2381,199
322,52,2099,991,121,1216,1105,80,2161,162
260,442,3851,1013,116,3026,2120,80,3803,457
115,3,2131,1021,104,912,392,80,2129,154
432,1909,2237,904,122,941,2099,80,2153,175
1405,602,2153,774,108,410,1221,80,2143,160
218,2190,2917,881,152,624,2374,80,2953,287
775,246,2713,879,85,89,1534,80,2749,272
149,1766,2677,1089,128,2406,327,80,2731,338
1221,3381,3467,1148,95,755,742,80,3371,407
2444,137,2621,1009,130,2041,2464,80,2543,232
882,1056,2543,851,148,1773,1205,80,2621,243
1797,2915,2999,1011,152,1785,1796,80,3011,331
1734,1104,2741,1099,169,1304,1840,80,2719,269
2583,2958,3691,1690,290,777,2655,80,3607,502
1137,938,2309,1040,130,863,1472,80,2389,257
1529,2496,3863,1043,136,158,69,80,3931,496
2599,1924,2711,979,140,2437,18,80,2677,253
1974,2363,2411,975,147,1011,1357,80,2473,202
2522,636,3313,1057,136,1562,1833,80,3229,346
1265,917,3221,1076,147,2268,628,80,3221,328
1201,2593,3001,1067,156,1617,720,80,2953,294
1371,2053,2791,944,110,2122,151,80,2777,266
2803,490,3739,837,152,842,1039,80,3709,443
2256,2090,3137,1063,146,468,2953,80,3083,354
1633,2906,3613,986,144,2735,2566,80,3613,416
1041,230,2549,1115,159,2154,1992,80,2467,208
93,369,2341,773,142,1589,1826,80,2341,184
2908,1466,3727,1168,142,3341,2654,80,3631,431
1208,1809,2411,985,138,1901,795,80,2347,191
996,2079,2351,856,125,1725,1603,80,2293,183
113,723,2203,817,92,1011,1935,80,2243,169
671,1203,2969,1071,156,1330,1986,80,2999,290
1449,1056,3967,1097,158,2665,1812,80,4019,504
1379,930,3511,1055,140,885,3373,80,3491,387
1725,1851,2857,990,153,2539,703,80,2857,265
2057,1705,2789,1022,103,1402,1567,80,2741,249
1236,2251,3209,791,135,153,2700,80,3169,319
1611,250,2503,893,144,1599,956,80,2521,212
2450,2409,2711,980,120,1096,1725,80,2707,242
3338,997,3727,879,119,1911,1197,80,3701,431
1801,2582,2633,860,128,1966,2623,80,2671,231
1581,3025,3083,833,89,2579,47,80,3061,303
2136,3291,3931,971,139,1102,118,80,3917,493
1316,2031,3557,912,156,997,3354,80,3541,391
1555,1669,2803,865,119,1536,2321,80,2851,264
2103,2705,2833,827,112,2493,2759,80,2789,252
1008,215,2767,966,152,2159,739,80,2803,254
131,3121,3467,921,150,1820,1292,80,3499,377
1287,2487,2699,953,125,210,2031,80,2677,237
1613,686,3517,930,125,531,1143,80,3593,406
798,926,3319,964,130,2900,327,80,3329,357
117,1493,2971,850,139,894,462,80,2957,289
708,3112,3583,998,150,3406,1612,80,3581,418
1880,398,3607,1002,152,479,1288,80,3607,421
1259,547,2731,901,120,738,2543,80,2801,254
36,2666,3467,1229,161,421,2990,80,3583,422
251,1613,2083,912,111,638,163,80,2081,150
2024,1908,2693,917,124,2489,1667,80,2693,246
1201,2367,3089,1002,127,1577,718,80,3119,316
298,1410,2083,996,80,1541,1047,80,1997,143
1635,1648,2753,1016,153,826,221,80,2719,250
1865,1861,2741,637,155,1603,228,80,2777,254
2868,2162,3499,1005,157,2910,1979,80,3457,412
1162,2020,3373,1143,155,2944,2332,80,3271,373
92,1574,2789,974,105,2273,2071,80,2819,262
1606,2177,2963,891,144,1938,1407,80,2953,289
408,847,2399,895,166,721,1937,80,2339,194
2744,952,3491,966,85,2864,1637,80,3389,388
343,189,2647,762,128,576,290,80,2671,238
1435,1439,3299,1069,156,1596,1155,80,3391,355
2091,1653,2803,877,157,1793,707,80,2803,270
1964,832,2081,891,128,1758,479,80,2161,156
302,1992,3853,955,164,3674,3678,80,3833,470
836,1737,2113,834,98,1118,1072,80,2161,155
1728,488,3533,867,130,2552,1761,80,3499,384
1327,2182,2767,918,104,257,114,80,2801,252
1511,1195,2957,943,46,155,2904,80,3001,286
2244,2652,3253,966,132,1365,673,80,3259,343
2946,2313,3061,979,128,201,1073,80,3109,312
2770,686,3733,1030,107,22,1142,80,3733,475
1901,231,2621,876,115,532,1218,80,2617,233
1306,82,3169,938,152,1326,1691,80,3137,323
2301,194,3343,898,117,2507,1376,80,3407,385
481,1700,2521,982,135,1219,1488,80,2549,213
2385,979,2677,951,62,632,2595,80,2647,234
